allele_number	sample	spanning_reads	copynumber	length_range	purity
1	C0050.008	16	91.0	31	0.98
62	C0053.003	25	44.33	5	0.95
37	C0053.003	15	107.33	113	0.98
29	C0063.004	20	124.0	149	0.98
0	C0065.000	25	35.33	7	0.93
45	C0065.000	13	89.33	17	0.98
54	C0067.000	10	99.0	47	0.98
32	C0067.000	8	45.33	5	0.94
3	C0079.009	9	111.0	127	0.98
63	C0090.002	18	64.33	53	0.96
59	C0090.002	15	126.0	62	0.98
5	C0090.004	24	114.33	44	0.98
15	C0102.001	16	94.0	35	0.98
6	C0110.001	27	107.33	66	0.98
10	C0111.001	19	80.67	39	0.97
32	C0123.000	18	45.33	15	0.94
38	C0123.000	10	115.33	47	0.98
7	C0125.001	17	140.33	397	0.98
41	C0135.003	11	112.67	86	0.98
32	C0135.003	12	45.33	7	0.94
35	C0136.004	21	47.33	28	0.95
33	C0136.004	14	113.67	49	0.98
16	C0160.001	14	92.0	29	0.97
8	C0188.001	21	83.33	27	0.97
34	C0209.002	18	44.33	9	0.94
40	C0209.002	11	146.33	1106	0.98
32	C0210.000	15	45.33	8	0.94
67	C0210.000	18	99.33	22	0.98
42	C0215.000	15	150.33	669	0.99
56	C0215.000	16	45.33	7	0.94
43	C0223.004	12	37.33	15	0.94
53	C0223.004	20	119.33	65	0.98
22	C0229.000	16	111.33	156	0.98
58	C0232.031	18	38.33	13	0.94
57	C0232.031	13	101.33	65	0.98
4	C0246.001	13	163.0	1629	0.99
46	C0257.000	16	130.33	122	0.98
32	C0257.000	19	45.33	6	0.94
44	C0259.004	15	46.33	6	0.95
65	C0259.004	10	101.0	20	0.98
60	C0274.000	19	112.33	63	0.98
64	C0274.000	9	35.33	11	0.93
61	C0283.003	14	105.33	93	0.98
0	C0283.003	17	35.33	8	0.93
23	C0341.016	10	90.33	30	0.97
66	C0342.000	11	151.67	491	0.98
34	C0342.000	20	44.33	9	0.94
13	C0349.001	16	98.33	88	0.98
18	C0358.001	13	74.67	56	0.97
47	C0386.000	13	150.33	192	0.97
48	C0386.000	14	45.33	16	0.94
2	C0406.000	10	104.33	32	0.98
20	C0419.000	25	72.33	24	0.97
34	C0462.000	20	44.33	13	0.94
36	C0462.000	23	110.33	63	0.98
24	F0001.031	16	103.33	101	0.98
50	F0040.012	5	129.67	33	0.98
32	F0040.012	14	45.33	6	0.94
19	F0059.008	22	122.0	81	0.98
21	FMR1-1-Brain-CEB	19	81.67	62	0.97
9	FMR1-1-Brain-PFC	3	131.0	100	0.98
11	FMR1-10-Brain-PFC	9	263.67	6239	0.98
0	FMR1-11-Brain-CEB	16	35.33	16	0.93
51	FMR1-11-Brain-CEB	25	47.33	16	0.95
55	FMR1-12-Brain-CEB	17	102.0	41	0.98
49	FMR1-12-Brain-CEB	16	47.33	29	0.95
25	FMR1-2-Brain-CEB	26	113.0	46	0.98
27	FMR1-2-Brain-PFC	23	114.33	91	0.98
26	FMR1-3-Brain-CEB	4	152.0	106	0.98
31	FMR1-3-Brain-PFC	21	147.0	3334	0.99
14	FMR1-4-Brain-CEB	21	114.0	76	0.98
30	FMR1-4-Brain-PFC	18	116.33	614	0.98
39	FMR1-5-Brain-CEB	14	76.67	10	0.97
32	FMR1-5-Brain-CEB	20	45.33	13	0.94
52	FMR1-5-Brain-PFC	23	76.33	32	0.97
32	FMR1-5-Brain-PFC	17	45.33	50	0.94
28	FMR1-6-Brain-PFC	2	595.33	773	0.98
17	FMR1-7-Brain-PFC	9	337.0	362	0.99
12	G0018.006	8	69.33	16	0.96
