	motif	start	end	purity	copynumber	msa_start	msa_end	allele_number	span
1	CGG	4	17	0.8076923076923077	4.333333333333333	4	17	0	13
4	CGG	53	159	0.9339622641509434	35.333333333333336	195	1869	0	1674
11	CGG	335	347	0.875	4.0	2045	2057	0	12
16	CGG	554	570	0.875	5.333333333333333	2264	2280	0	16
1	CGG	4	17	0.8076923076923077	4.333333333333333	4	17	1	13
4	CGG	53	326	0.9761904761904762	91.0	195	1869	1	1674
11	CGG	502	514	0.875	4.0	2045	2057	1	12
16	CGG	721	737	0.875	5.333333333333333	2264	2280	1	16
1	CGG	4	17	0.8076923076923077	4.333333333333333	4	17	2	13
4	CGG	53	366	0.9792332268370607	104.33333333333333	195	1869	2	1674
11	CGG	542	554	0.875	4.0	2045	2057	2	12
16	CGG	761	777	0.875	5.333333333333333	2264	2280	2	16
1	CGG	4	17	0.8076923076923077	4.333333333333333	4	17	3	13
4	CGG	53	386	0.9774774774774775	111.0	195	1869	3	1674
11	CGG	562	574	0.875	4.0	2045	2057	3	12
16	CGG	781	797	0.875	5.333333333333333	2264	2280	3	16
1	CGG	4	17	0.8076923076923077	4.333333333333333	4	17	4	13
4	CGG	53	542	0.9867075664621677	163.0	195	1869	4	1674
11	CGG	718	730	0.875	4.0	2045	2057	4	12
16	CGG	937	953	0.875	5.333333333333333	2264	2280	4	16
1	CGG	4	17	0.8076923076923077	4.333333333333333	4	17	5	13
4	CGG	53	396	0.9795918367346939	114.33333333333333	195	1869	5	1674
11	CGG	572	584	0.875	4.0	2045	2057	5	12
16	CGG	791	807	0.875	5.333333333333333	2264	2280	5	16
1	CGG	4	17	0.8076923076923077	4.333333333333333	4	17	6	13
4	CGG	53	375	0.9767080745341615	107.33333333333333	195	1869	6	1674
11	CGG	551	563	0.875	4.0	2045	2057	6	12
16	CGG	770	786	0.875	5.333333333333333	2264	2280	6	16
1	CGG	4	17	0.8076923076923077	4.333333333333333	4	17	7	13
4	CGG	53	474	0.9786223277909739	140.33333333333334	195	1869	7	1674
11	CGG	650	662	0.875	4.0	2045	2057	7	12
16	CGG	869	885	0.875	5.333333333333333	2264	2280	7	16
1	CGG	4	17	0.8076923076923077	4.333333333333333	4	17	8	13
4	CGG	53	303	0.974	83.33333333333333	195	1869	8	1674
11	CGG	479	491	0.875	4.0	2045	2057	8	12
16	CGG	698	714	0.875	5.333333333333333	2264	2280	8	16
1	CGG	4	17	0.8076923076923077	4.333333333333333	4	17	9	13
4	CGG	53	446	0.9821882951653944	131.0	195	1869	9	1674
11	CGG	622	634	0.875	4.0	2045	2057	9	12
16	CGG	841	857	0.875	5.333333333333333	2264	2280	9	16
1	CGG	4	17	0.8076923076923077	4.333333333333333	4	17	10	13
4	CGG	53	295	0.96900826446281	80.66666666666667	195	1869	10	1674
11	CGG	471	483	0.875	4.0	2045	2057	10	12
16	CGG	690	706	0.875	5.333333333333333	2264	2280	10	16
1	CGG	4	17	0.8076923076923077	4.333333333333333	4	17	11	13
4	CGG	53	844	0.9829329962073325	263.6666666666667	195	1869	11	1674
11	CGG	1020	1032	0.875	4.0	2045	2057	11	12
16	CGG	1239	1255	0.875	5.333333333333333	2264	2280	11	16
1	CGG	4	17	0.8076923076923077	4.333333333333333	4	17	12	13
4	CGG	53	261	0.9615384615384616	69.33333333333333	195	1869	12	1674
11	CGG	437	449	0.875	4.0	2045	2057	12	12
16	CGG	656	672	0.875	5.333333333333333	2264	2280	12	16
1	CGG	4	17	0.8076923076923077	4.333333333333333	4	17	13	13
4	CGG	53	348	0.9779661016949153	98.33333333333333	195	1869	13	1674
11	CGG	524	536	0.875	4.0	2045	2057	13	12
16	CGG	743	759	0.875	5.333333333333333	2264	2280	13	16
1	CGG	4	17	0.8076923076923077	4.333333333333333	4	17	14	13
4	CGG	53	395	0.9780701754385965	114.0	195	1869	14	1674
11	CGG	571	583	0.875	4.0	2045	2057	14	12
16	CGG	790	806	0.875	5.333333333333333	2264	2280	14	16
1	CGG	4	17	0.8076923076923077	4.333333333333333	4	17	15	13
4	CGG	53	335	0.9769503546099291	94.0	195	1869	15	1674
11	CGG	511	523	0.875	4.0	2045	2057	15	12
16	CGG	730	746	0.875	5.333333333333333	2264	2280	15	16
1	CGG	4	17	0.8076923076923077	4.333333333333333	4	17	16	13
4	CGG	53	329	0.9746376811594203	92.0	195	1869	16	1674
11	CGG	505	517	0.875	4.0	2045	2057	16	12
16	CGG	724	740	0.875	5.333333333333333	2264	2280	16	16
1	CGG	4	17	0.8076923076923077	4.333333333333333	4	17	17	13
4	CGG	53	1064	0.9910979228486647	337.0	195	1869	17	1674
11	CGG	1240	1252	0.875	4.0	2045	2057	17	12
16	CGG	1459	1475	0.875	5.333333333333333	2264	2280	17	16
1	CGG	4	17	0.8076923076923077	4.333333333333333	4	17	18	13
4	CGG	53	277	0.9665178571428571	74.66666666666667	195	1869	18	1674
11	CGG	453	465	0.875	4.0	2045	2057	18	12
16	CGG	672	688	0.875	5.333333333333333	2264	2280	18	16
1	CGG	4	17	0.8076923076923077	4.333333333333333	4	17	19	13
4	CGG	53	419	0.98224043715847	122.0	195	1869	19	1674
11	CGG	595	607	0.875	4.0	2045	2057	19	12
16	CGG	814	830	0.875	5.333333333333333	2264	2280	19	16
1	CGG	4	17	0.8076923076923077	4.333333333333333	4	17	20	13
4	CGG	53	270	0.967741935483871	72.33333333333333	195	1869	20	1674
11	CGG	446	458	0.875	4.0	2045	2057	20	12
16	CGG	665	681	0.875	5.333333333333333	2264	2280	20	16
1	CGG	4	17	0.8076923076923077	4.333333333333333	4	17	21	13
4	CGG	53	298	0.9693877551020408	81.66666666666667	195	1869	21	1674
11	CGG	474	486	0.875	4.0	2045	2057	21	12
16	CGG	693	709	0.875	5.333333333333333	2264	2280	21	16
1	CGG	4	17	0.8076923076923077	4.333333333333333	4	17	22	13
4	CGG	53	387	0.9790419161676647	111.33333333333333	195	1869	22	1674
11	CGG	563	575	0.875	4.0	2045	2057	22	12
16	CGG	782	798	0.875	5.333333333333333	2264	2280	22	16
1	CGG	4	17	0.8076923076923077	4.333333333333333	4	17	23	13
4	CGG	53	324	0.974169741697417	90.33333333333333	195	1869	23	1674
11	CGG	500	512	0.875	4.0	2045	2057	23	12
16	CGG	719	735	0.875	5.333333333333333	2264	2280	23	16
1	CGG	4	17	0.8076923076923077	4.333333333333333	4	17	24	13
4	CGG	53	363	0.9774193548387097	103.33333333333333	195	1869	24	1674
11	CGG	539	551	0.875	4.0	2045	2057	24	12
16	CGG	758	774	0.875	5.333333333333333	2264	2280	24	16
1	CGG	4	17	0.8076923076923077	4.333333333333333	4	17	25	13
4	CGG	53	392	0.9793510324483776	113.0	195	1869	25	1674
11	CGG	568	580	0.875	4.0	2045	2057	25	12
16	CGG	787	803	0.875	5.333333333333333	2264	2280	25	16
1	CGG	4	17	0.8076923076923077	4.333333333333333	4	17	26	13
4	CGG	53	509	0.9835526315789473	152.0	195	1869	26	1674
11	CGG	685	697	0.875	4.0	2045	2057	26	12
16	CGG	904	920	0.875	5.333333333333333	2264	2280	26	16
1	CGG	4	17	0.8076923076923077	4.333333333333333	4	17	27	13
4	CGG	53	396	0.9752186588921283	114.33333333333333	195	1869	27	1674
11	CGG	572	584	0.875	4.0	2045	2057	27	12
16	CGG	791	807	0.875	5.333333333333333	2264	2280	27	16
2	CGG	23	1809	0.9843225083986562	595.3333333333334	23	1870	28	1847
1	CGG	4	17	0.8076923076923077	4.333333333333333	4	17	29	13
4	CGG	53	425	0.9811827956989247	124.0	53	1869	29	1816
11	CGG	601	613	0.875	4.0	2045	2057	29	12
16	CGG	820	836	0.875	5.333333333333333	2264	2280	29	16
1	CGG	4	17	0.8076923076923077	4.333333333333333	4	17	30	13
4	CGG	53	402	0.9813753581661891	116.33333333333333	53	1869	30	1816
11	CGG	578	590	0.875	4.0	2045	2057	30	12
16	CGG	797	813	0.875	5.333333333333333	2264	2280	30	16
1	CGG	4	17	0.8076923076923077	4.333333333333333	4	17	31	13
4	CGG	53	494	0.9852607709750567	147.0	53	1869	31	1816
11	CGG	670	682	0.875	4.0	2045	2057	31	12
16	CGG	889	905	0.875	5.333333333333333	2264	2280	31	16
1	CGG	4	17	0.8076923076923077	4.333333333333333	4	17	32	13
4	CGG	53	189	0.9448529411764706	45.333333333333336	195	1869	32	1674
11	CGG	365	377	0.875	4.0	2045	2057	32	12
16	CGG	584	600	0.875	5.333333333333333	2264	2280	32	16
1	CGG	4	17	0.8076923076923077	4.333333333333333	4	17	33	13
4	CGG	53	394	0.9765395894428153	113.66666666666667	53	1869	33	1816
11	CGG	570	582	0.875	4.0	2045	2057	33	12
16	CGG	789	805	0.875	5.333333333333333	2264	2280	33	16
1	CGG	4	17	0.8076923076923077	4.333333333333333	4	17	34	13
4	CGG	53	186	0.943609022556391	44.333333333333336	195	1869	34	1674
11	CGG	362	374	0.875	4.0	2045	2057	34	12
16	CGG	581	597	0.875	5.333333333333333	2264	2280	34	16
1	CGG	4	17	0.8076923076923077	4.333333333333333	4	17	35	13
4	CGG	53	195	0.9471830985915493	47.333333333333336	195	1869	35	1674
11	CGG	371	383	0.875	4.0	2045	2057	35	12
16	CGG	590	606	0.875	5.333333333333333	2264	2280	35	16
1	CGG	4	17	0.8076923076923077	4.333333333333333	4	17	36	13
4	CGG	53	384	0.9788519637462235	110.33333333333333	195	1869	36	1674
11	CGG	560	572	0.875	4.0	2045	2057	36	12
16	CGG	779	795	0.875	5.333333333333333	2264	2280	36	16
1	CGG	4	17	0.8076923076923077	4.333333333333333	4	17	37	13
4	CGG	53	375	0.9798136645962733	107.33333333333333	195	1869	37	1674
11	CGG	551	563	0.875	4.0	2045	2057	37	12
16	CGG	770	786	0.875	5.333333333333333	2264	2280	37	16
1	CGG	4	17	0.8076923076923077	4.333333333333333	4	17	38	13
4	CGG	53	399	0.9783236994219653	115.33333333333333	53	1869	38	1816
11	CGG	575	587	0.875	4.0	2045	2057	38	12
16	CGG	794	810	0.875	5.333333333333333	2264	2280	38	16
1	CGG	4	17	0.8076923076923077	4.333333333333333	4	17	39	13
4	CGG	53	283	0.967391304347826	76.66666666666667	195	1869	39	1674
11	CGG	459	471	0.875	4.0	2045	2057	39	12
16	CGG	678	694	0.875	5.333333333333333	2264	2280	39	16
1	CGG	4	17	0.8076923076923077	4.333333333333333	4	17	40	13
4	CGG	53	492	0.9817767653758542	146.33333333333334	53	1869	40	1816
11	CGG	668	680	0.875	4.0	2045	2057	40	12
16	CGG	887	903	0.875	5.333333333333333	2264	2280	40	16
1	CGG	4	17	0.8076923076923077	4.333333333333333	4	17	41	13
4	CGG	53	391	0.977810650887574	112.66666666666667	53	1869	41	1816
11	CGG	567	579	0.875	4.0	2045	2057	41	12
16	CGG	786	802	0.875	5.333333333333333	2264	2280	41	16
1	CGG	4	17	0.8076923076923077	4.333333333333333	4	17	42	13
4	CGG	53	504	0.9855875831485588	150.33333333333334	53	1869	42	1816
11	CGG	680	692	0.875	4.0	2045	2057	42	12
16	CGG	899	915	0.875	5.333333333333333	2264	2280	42	16
1	CGG	4	17	0.8076923076923077	4.333333333333333	4	17	43	13
4	CGG	53	165	0.9375	37.333333333333336	195	1869	43	1674
11	CGG	341	353	0.875	4.0	2045	2057	43	12
16	CGG	560	576	0.875	5.333333333333333	2264	2280	43	16
1	CGG	4	17	0.8076923076923077	4.333333333333333	4	17	44	13
4	CGG	53	192	0.9460431654676259	46.333333333333336	195	1869	44	1674
11	CGG	368	380	0.875	4.0	2045	2057	44	12
16	CGG	587	603	0.875	5.333333333333333	2264	2280	44	16
1	CGG	4	17	0.8076923076923077	4.333333333333333	4	17	45	13
4	CGG	53	321	0.9757462686567164	89.33333333333333	195	1869	45	1674
11	CGG	497	509	0.875	4.0	2045	2057	45	12
16	CGG	716	732	0.875	5.333333333333333	2264	2280	45	16
1	CGG	4	17	0.8076923076923077	4.333333333333333	4	17	46	13
4	CGG	53	444	0.979539641943734	130.33333333333334	53	1869	46	1816
11	CGG	620	632	0.875	4.0	2045	2057	46	12
16	CGG	839	855	0.875	5.333333333333333	2264	2280	46	16
1	CGG	4	17	0.8076923076923077	4.333333333333333	4	17	47	13
4	CGG	53	504	0.9722838137472284	150.33333333333334	53	1869	47	1816
11	CGG	680	692	0.875	4.0	2045	2057	47	12
16	CGG	899	915	0.875	5.333333333333333	2264	2280	47	16
1	CGG	4	17	0.8076923076923077	4.333333333333333	4	17	48	13
4	CGG	53	189	0.9448529411764706	45.333333333333336	195	1869	48	1674
11	CGG	365	377	0.875	4.0	2045	2057	48	12
1	CGG	4	17	0.8076923076923077	4.333333333333333	4	17	49	13
4	CGG	53	195	0.9471830985915493	47.333333333333336	195	1869	49	1674
11	CGG	371	383	0.875	4.0	2045	2057	49	12
16	CGG	590	606	0.875	5.333333333333333	2264	2280	49	16
1	CGG	4	17	0.8076923076923077	4.333333333333333	4	17	50	13
4	CGG	53	442	0.9781491002570694	129.66666666666666	53	1869	50	1816
11	CGG	618	630	0.875	4.0	2045	2057	50	12
16	CGG	837	853	0.875	5.333333333333333	2264	2280	50	16
1	CGG	4	17	0.8076923076923077	4.333333333333333	4	17	51	13
4	CGG	53	195	0.9471830985915493	47.333333333333336	195	1869	51	1674
11	CGG	371	383	0.875	4.0	2045	2057	51	12
16	CGG	590	606	0.875	5.333333333333333	2264	2280	51	16
1	CGG	4	17	0.8076923076923077	4.333333333333333	4	17	52	13
4	CGG	53	282	0.9716157205240175	76.33333333333333	195	1869	52	1674
11	CGG	458	470	0.875	4.0	2045	2057	52	12
16	CGG	677	693	0.875	5.333333333333333	2264	2280	52	16
1	CGG	4	17	0.8076923076923077	4.333333333333333	4	17	53	13
4	CGG	53	411	0.979050279329609	119.33333333333333	53	1869	53	1816
11	CGG	587	599	0.875	4.0	2045	2057	53	12
16	CGG	806	822	0.875	5.333333333333333	2264	2280	53	16
1	CGG	4	17	0.8076923076923077	4.333333333333333	4	17	54	13
4	CGG	53	350	0.9764309764309764	99.0	195	1869	54	1674
11	CGG	526	538	0.875	4.0	2045	2057	54	12
16	CGG	745	761	0.875	5.333333333333333	2264	2280	54	16
1	CGG	4	17	0.8076923076923077	4.333333333333333	4	17	55	13
4	CGG	53	359	0.9771241830065359	102.0	195	1869	55	1674
11	CGG	535	547	0.875	4.0	2045	2057	55	12
16	CGG	754	770	0.875	5.333333333333333	2264	2280	55	16
1	CGG	4	17	0.8076923076923077	4.333333333333333	4	17	56	13
4	CGG	53	189	0.9448529411764706	45.333333333333336	195	1869	56	1674
11	CGG	365	377	0.875	4.0	2045	2057	56	12
16	CGG	584	600	0.875	5.333333333333333	2264	2280	56	16
1	CGG	4	17	0.8076923076923077	4.333333333333333	4	17	57	13
4	CGG	53	357	0.9769736842105263	101.33333333333333	195	1869	57	1674
11	CGG	533	545	0.875	4.0	2045	2057	57	12
16	CGG	752	768	0.875	5.333333333333333	2264	2280	57	16
1	CGG	4	17	0.8076923076923077	4.333333333333333	4	17	58	13
4	CGG	53	168	0.9391304347826087	38.333333333333336	195	1869	58	1674
11	CGG	344	356	0.875	4.0	2045	2057	58	12
16	CGG	563	579	0.875	5.333333333333333	2264	2280	58	16
1	CGG	4	17	0.8076923076923077	4.333333333333333	4	17	59	13
4	CGG	53	431	0.9814814814814815	126.0	53	1869	59	1816
11	CGG	607	619	0.875	4.0	2045	2057	59	12
16	CGG	826	842	0.875	5.333333333333333	2264	2280	59	16
1	CGG	4	17	0.8076923076923077	4.333333333333333	4	17	60	13
4	CGG	53	390	0.9762611275964391	112.33333333333333	53	1869	60	1816
11	CGG	566	578	0.875	4.0	2045	2057	60	12
16	CGG	785	801	0.875	5.333333333333333	2264	2280	60	16
1	CGG	4	17	0.8076923076923077	4.333333333333333	4	17	61	13
4	CGG	53	369	0.9778481012658228	105.33333333333333	195	1869	61	1674
11	CGG	545	557	0.875	4.0	2045	2057	61	12
16	CGG	764	780	0.875	5.333333333333333	2264	2280	61	16
1	CGG	4	17	0.8076923076923077	4.333333333333333	4	17	62	13
4	CGG	53	186	0.9473684210526315	44.333333333333336	195	1869	62	1674
11	CGG	362	374	0.875	4.0	2045	2057	62	12
16	CGG	581	597	0.875	5.333333333333333	2264	2280	62	16
1	CGG	4	17	0.8076923076923077	4.333333333333333	4	17	63	13
4	CGG	53	246	0.9637305699481865	64.33333333333333	195	1869	63	1674
11	CGG	422	434	0.875	4.0	2045	2057	63	12
16	CGG	641	657	0.875	5.333333333333333	2264	2280	63	16
1	CGG	4	17	0.8076923076923077	4.333333333333333	4	17	64	13
4	CGG	53	159	0.9339622641509434	35.333333333333336	195	1869	64	1674
11	CGG	335	347	0.875	4.0	2045	2057	64	12
16	CGG	554	570	0.875	5.333333333333333	2264	2280	64	16
1	CGG	4	17	0.8076923076923077	4.333333333333333	4	17	65	13
4	CGG	53	356	0.976897689768977	101.0	195	1869	65	1674
11	CGG	532	544	0.875	4.0	2045	2057	65	12
16	CGG	751	767	0.875	5.333333333333333	2264	2280	65	16
1	CGG	4	17	0.8076923076923077	4.333333333333333	4	17	66	13
4	CGG	53	508	0.9813186813186813	151.66666666666666	53	1869	66	1816
11	CGG	684	696	0.875	4.0	2045	2057	66	12
16	CGG	903	919	0.875	5.333333333333333	2264	2280	66	16
1	CGG	4	17	0.8076923076923077	4.333333333333333	4	17	67	13
4	CGG	53	351	0.9781879194630873	99.33333333333333	195	1869	67	1674
11	CGG	527	539	0.875	4.0	2045	2057	67	12
16	CGG	746	762	0.875	5.333333333333333	2264	2280	67	16
